0.0 -6.490943592918827
0.12856937392773962 -6.436915277542971
0.25713874785547924 -6.275129910657014
0.38570812178321884 -6.006712442659973
0.5142774957109585 -5.6336459757448285
0.6428468696386981 -5.158782877457421
0.7714162435664377 -4.586174573884552
0.8999856174941772 -3.921285721254616
1.028554991421917 -3.1712456276333363
1.1571243653496566 -2.3453090725516557
1.1571243653496566 -2.3453090725516414
1.2025805034282633 -2.3480952818411627
1.2480366415068702 -2.356863933704613
1.293492779585477 -2.3727973499242303
1.3389489176640836 -2.3978525863346185
1.3844050557426906 -2.4346401264495015
1.4298611938212973 -2.4862520567070057
1.475317331899904 -2.5558644795890153
1.5207734699785107 -2.646199480057863
1.5662296080571176 -2.7589553559478794
1.5662296080571176 -2.758955355959893
1.7025980222929382 -3.225565759282709
1.8389664365287584 -3.8209395270618955
1.9753348507645787 -4.44653281534776
2.111703265000399 -5.03293642059041
2.248071679236219 -5.54125536936337
2.3844400934720396 -5.950468609981666
2.5208085077078604 -6.248943692241346
2.6571769219436807 -6.430203399967118
2.793545336179501 -6.490943592918859
2.793545336179501 -6.490943592918878
2.904889680149584 -6.4504451347137675
3.016234024119667 -6.329421499765534
3.1275783680897504 -6.12967051835966
3.2389227120598343 -5.854748136727196
3.350267056029917 -5.511510350386789
3.4616114 -5.113772250602459
3.572955743970083 -4.692274695086255
3.684300087940166 -4.321796437390811
3.7956444319102496 -4.158602011746307
3.7956444319102496 -4.158602011746034
3.886556708067463 -4.131576135156267
3.977468984224677 -4.050730721621147
4.06838126038189 -3.9168248095886256
4.159293536539104 -3.7312407276744075
4.250205812696317 -3.4962575350419876
4.3411180888535315 -3.2155231585311803
4.432030365010744 -2.894945130161542
4.522942641167958 -2.544466324221
4.613854917325172 -2.1811547386150227
4.613854917325172 -2.1811547386149357
4.678139604289043 -2.186603716888767
4.742424291252911 -2.2020939758621765
4.806708978216781 -2.225273826312324
4.8709936651806505 -2.252868291289227
4.935278352144521 -2.281271056026422
4.9995630391083905 -2.30712840236043
5.06384772607226 -2.3276500456911995
5.12813241303613 -2.34078868218133
5.1924171 -2.345309072551636

0.0 5.473618378240481
0.12856937392773962 5.133989516853817
0.25713874785547924 4.363233140584477
0.38570812178321884 3.435553913213975
0.5142774957109585 2.4543589657685962
0.6428468696386981 1.4566389130952917
0.7714162435664377 0.4617536409111418
0.8999856174941772 -0.5141631567790927
1.028554991421917 -1.4550182287747173
1.1571243653496566 -2.345308996339196
1.1571243653496566 -2.3453089963391864
1.2025805034282633 -2.338001458825678
1.2480366415068702 -2.31608196150938
1.293492779585477 -2.279558763742928
1.3389489176640836 -2.2284512874491575
1.3844050557426906 -2.1627782466864733
1.4298611938212973 -2.08257138500168
1.475317331899904 -1.9878693795907019
1.5207734699785107 -1.8787150138305098
1.5662296080571176 -1.7551594211363142
1.5662296080571176 -1.7551594211188037
1.7025980222929382 -1.2986961049230308
1.8389664365287584 -0.715305240091415
1.9753348507645787 -0.008132175913713624
2.111703265000399 0.818035525761089
2.248071679236219 1.7553888197339305
2.3844400934720396 2.7889551573409106
2.5208085077078604 3.8837533536680273
2.6571769219436807 4.927544416089447
2.793545336179501 5.473618378251015
2.793545336179501 5.473618378241077
2.904889680149584 5.041685621017234
3.016234024119667 4.128716753231245
3.1275783680897504 3.091674327880475
3.2389227120598343 2.0506384900201335
3.350267056029917 1.0547120111738053
3.4616114 0.1371055070060363
3.572955743970083 -0.6611585239047599
3.684300087940166 -1.2596663636826388
3.7956444319102496 -1.49913521977596
3.7956444319102496 -1.4991352197758285
3.886556708067463 -1.4849321095911012
3.977468984224677 -1.4449632963056382
4.06838126038189 -1.3881539575693633
4.159293536539104 -1.3328785708601512
4.250205812696317 -1.311875482285446
4.3411180888535315 -1.3717637250347865
4.432030365010744 -1.5491424947918206
4.522942641167958 -1.8343858094914802
4.613854917325172 -2.1811546966125928
4.613854917325172 -2.181154696612671
4.678139604289043 -2.186603673914772
4.742424291252911 -2.2020939214838275
4.806708978216781 -2.225273771244739
4.8709936651806505 -2.2528682290295716
4.935278352144521 -2.2812709918965277
4.9995630391083905 -2.3071283380287184
5.06384772607226 -2.3276499826485164
5.12813241303613 -2.340788617036118
5.1924171 -2.34530899633919

0.0 5.473618982800487
0.12856937392773962 5.2603665729365385
0.25713874785547924 4.794867299978432
0.38570812178321884 4.2795173827683834
0.5142774957109585 3.798565682702663
0.6428468696386981 3.3851185258417886
0.7714162435664377 3.054308856795543
0.8999856174941772 2.8139463765782935
1.028554991421917 2.6682949220676195
1.1571243653496566 2.619518051862272
1.1571243653496566 2.6195180518622885
1.2025805034282633 2.5734603079079394
1.2480366415068702 2.4462087844303784
1.293492779585477 2.2631689910425727
1.3389489176640836 2.05142871098669
1.3844050557426906 1.8332630472184634
1.4298611938212973 1.6253520760906923
1.475317331899904 1.4399451781710644
1.5207734699785107 1.2858263645874013
1.5662296080571176 1.1687657005976648
1.5662296080571176 1.168765700602064
1.7025980222929382 1.057845257980837
1.8389664365287584 1.2696099026311138
1.9753348507645787 1.7183727519833427
2.111703265000399 2.3327858029131607
2.248071679236219 3.059196997249144
2.3844400934720396 3.8435659484557614
2.5208085077078604 4.609044121553705
2.6571769219436807 5.2227060564962065
2.793545336179501 5.47361898280669
2.793545336179501 5.473618982808044
2.904889680149584 5.405884943007644
3.016234024119667 5.235631550077514
3.1275783680897504 5.022778180871597
3.2389227120598343 4.810879799760118
3.350267056029917 4.623589243785971
3.4616114 4.472442398998502
3.572955743970083 4.36265273255115
3.684300087940166 4.296327388094013
3.7956444319102496 4.274179623114355
3.7956444319102496 4.274179623114762
3.886556708067463 4.034730978177968
3.977468984224677 3.4944129046090877
4.06838126038189 2.873955758985746
4.159293536539104 2.2837517511966072
4.250205812696317 1.792348681057418
4.3411180888535315 1.4615023749848932
4.432030365010744 1.334193932517147
4.522942641167958 1.4024105237173368
4.613854917325172 1.618191094130741
4.613854917325172 1.6181910941308386
4.678139604289043 1.6424403980009128
4.742424291252911 1.7134866730683225
4.806708978216781 1.8262897259292359
4.8709936651806505 1.972508095962901
4.935278352144521 2.140187373773057
4.9995630391083905 2.312800973316414
5.06384772607226 2.4681141227126178
5.12813241303613 2.5789023881017044
5.1924171 2.6195180518622823

0.0 5.473618982832878
0.12856937392773962 5.26036695959093
0.25713874785547924 4.794867662496569
0.38570812178321884 4.279517728997966
0.5142774957109585 3.798566010398777
0.6428468696386981 3.385118833803286
0.7714162435664377 3.054309150855145
0.8999856174941772 2.813946658934727
1.028554991421917 2.668295195497995
1.1571243653496566 2.6195182934993
1.1571243653496566 2.6195182934993064
1.2025805034282633 2.6249431418945126
1.2480366415068702 2.641199652701345
1.293492779585477 2.668223959684953
1.3389489176640836 2.7059147103086674
1.3844050557426906 2.7541013021151257
1.4298611938212973 2.81258324832551
1.475317331899904 2.8810984617934423
1.5207734699785107 2.9593246660091186
1.5662296080571176 3.046871195685745
1.5662296080571176 3.04687119566647
1.7025980222929382 3.3603875979976197
1.8389664365287584 3.7354413899538983
1.9753348507645787 4.144895481999766
2.111703265000399 4.550736442048232
2.248071679236219 4.908357723221782
2.3844400934720396 5.180690863477105
2.5208085077078604 5.355568549892454
2.6571769219436807 5.4463773905247
2.793545336179501 5.473618982837801
2.793545336179501 5.473618982835498
2.904889680149584 5.405884943037845
3.016234024119667 5.235631550108229
3.1275783680897504 5.02277818090103
3.2389227120598343 4.810879799788599
3.350267056029917 4.623589243813696
3.4616114 4.472442399025615
3.572955743970083 4.362652732577774
3.684300087940166 4.2963273881203445
3.7956444319102496 4.2741796231404905
3.7956444319102496 4.27417962314169
3.886556708067463 4.2233205339900906
3.977468984224677 4.071689477600242
4.06838126038189 3.825005733701559
4.159293536539104 3.4986138058548377
4.250205812696317 3.1172750246038063
4.3411180888535315 2.710050831955473
4.432030365010744 2.3056911467329297
4.522942641167958 1.9318385568879326
4.613854917325172 1.6181913773416952
4.613854917325172 1.6181913773417183
4.678139604289043 1.6424406822354385
4.742424291252911 1.713486953709328
4.806708978216781 1.82629001108617
4.8709936651806505 1.9725083805829673
4.935278352144521 2.140187658250751
4.9995630391083905 2.3128012573613335
5.06384772607226 2.4681144020914676
5.12813241303613 2.5789026604509058
5.1924171 2.6195182934992984

0.0 8.035569970163978
0.12856937392773962 7.906574532596867
0.25713874785547924 7.5818191068826435
0.38570812178321884 7.17690993146295
0.5142774957109585 6.780099368099794
0.6428468696386981 6.443885103874964
0.7714162435664377 6.198873695897653
0.8999856174941772 6.064528869986536
1.028554991421917 6.054969866976124
1.1571243653496566 6.181476540781628
1.1571243653496566 6.181476540781649
1.2025805034282633 6.187737856138446
1.2480366415068702 6.206497061657119
1.293492779585477 6.237700214206767
1.3389489176640836 6.2812719759043265
1.3844050557426906 6.336957154488141
1.4298611938212973 6.404572061144812
1.475317331899904 6.483866025513793
1.5207734699785107 6.574469299538663
1.5662296080571176 6.675928384790025
1.5662296080571176 6.6759283848055775
1.7025980222929382 7.039330491703991
1.8389664365287584 7.470540177162354
1.9753348507645787 7.9226250706226775
2.111703265000399 8.307960731782396
2.248071679236219 8.513988566457115
2.3844400934720396 8.516088438980894
2.5208085077078604 8.2852658794002
2.6571769219436807 8.098033253375773
2.793545336179501 8.035569971333997
2.793545336179501 8.035569970332844
2.904889680149584 8.098872467162941
3.016234024119667 8.017876999833732
3.1275783680897504 7.8246043556088125
3.2389227120598343 7.606918725548982
3.350267056029917 7.404532253721175
3.4616114 7.2364924214166
3.572955743970083 7.112323759979203
3.684300087940166 7.036484509265474
3.7956444319102496 7.011055826760325
3.7956444319102496 7.011055826762114
3.886556708067463 7.228327680729021
3.977468984224677 7.663001101079742
4.06838126038189 8.057523640667808
4.159293536539104 8.384712334318596
4.250205812696317 8.656936525595153
4.3411180888535315 8.82888257866293
4.432030365010744 9.084568432649386
4.522942641167958 9.40821579267906
4.613854917325172 9.743602192468115
4.613854917325172 9.743602192591233
4.678139604289043 9.364613408531131
4.742424291252911 8.789221732396337
4.806708978216781 8.22207852062564
4.8709936651806505 7.690798347517739
4.935278352144521 7.210125757150713
4.9995630391083905 6.795968733834706
5.06384772607226 6.469286845112956
5.12813241303613 6.2561831366842355
5.1924171 6.1814765407816346

0.0 8.035570319337515
0.12856937392773962 8.31530738239755
0.25713874785547924 8.978820567686371
0.38570812178321884 9.77560859252517
0.5142774957109585 9.030697184219832
0.6428468696386981 8.195765166885288
0.7714162435664377 7.464271222713524
0.8999856174941772 6.88063897374561
1.028554991421917 6.454124998070483
1.1571243653496566 6.18147803812457
1.1571243653496566 6.181478038124579
1.2025805034282633 6.249942948370655
1.2480366415068702 6.444559797151048
1.293492779585477 6.741114030604315
1.3389489176640836 7.114167246957948
1.3844050557426906 7.543862816540405
1.4298611938212973 8.01610468761252
1.475317331899904 8.521134904887269
1.5207734699785107 9.051980021870856
1.5662296080571176 9.602563028906344
1.5662296080571176 9.602563028912055
1.7025980222929382 11.276108670597077
1.8389664365287584 11.053352830448544
1.9753348507645787 10.263189958250669
2.111703265000399 9.587788193903647
2.248071679236219 9.03148698337637
2.3844400934720396 8.596711574916993
2.5208085077078604 8.40633307217929
2.6571769219436807 8.153739961197262
2.793545336179501 8.0355703193454
2.793545336179501 8.035570319338508
2.904889680149584 8.134872349761865
3.016234024119667 8.3857866607457
3.1275783680897504 8.683667113918927
3.2389227120598343 8.914479211892752
3.350267056029917 9.00666966781585
3.4616114 8.979623193961311
3.572955743970083 8.903745933642144
3.684300087940166 8.837538711700844
3.7956444319102496 8.812507852037303
3.7956444319102496 8.812507852044758
3.886556708067463 8.767637817322244
3.977468984224677 8.669636589981394
4.06838126038189 8.588687320238758
4.159293536539104 8.577155913329777
4.250205812696317 8.69883439978858
4.3411180888535315 9.031650723155343
4.432030365010744 9.390035627937676
4.522942641167958 9.7352748805054
4.613854917325172 9.743604930461387
4.613854917325172 9.743604930471417
4.678139604289043 9.364615825660128
4.742424291252911 8.78922388685912
4.806708978216781 8.222080389351262
4.8709936651806505 7.690800044560517
4.935278352144521 7.210127318975425
4.9995630391083905 6.795970155934849
5.06384772607226 6.469288172125237
5.12813241303613 6.256184428425052
5.1924171 6.181478038124568

0.0 8.035570319343961
0.12856937392773962 8.31530762185442
0.25713874785547924 8.978820808021402
0.38570812178321884 9.819512618792022
0.5142774957109585 10.747552680447463
0.6428468696386981 11.726297925476983
0.7714162435664377 12.739147302404367
0.8999856174941772 13.777384438308804
1.028554991421917 14.822951526029515
1.1571243653496566 15.58506308603162
1.1571243653496566 15.585234027301167
1.2025805034282633 15.510230145437996
1.2480366415068702 15.338503776526528
1.293492779585477 15.025204886323891
1.3389489176640836 14.702802154713371
1.3844050557426906 14.355184212979987
1.4298611938212973 14.001096799276231
1.475317331899904 13.647253962320736
1.5207734699785107 13.291631847096687
1.5662296080571176 12.94370596970596
1.5662296080571176 12.944057239812494
1.7025980222929382 11.95132777805093
1.8389664365287584 11.379236767570042
1.9753348507645787 10.60850475883171
2.111703265000399 9.913218607450943
2.248071679236219 9.322079482838463
2.3844400934720396 8.833628242888445
2.5208085077078604 8.441584334603984
2.6571769219436807 8.233357446861621
2.793545336179501 8.035570320506146
2.793545336179501 8.035570319392491
2.904889680149584 8.134872349926857
3.016234024119667 8.385786660755604
3.1275783680897504 8.68366711392532
3.2389227120598343 8.914479211897778
3.350267056029917 9.006669667859365
3.4616114 8.979623193965285
3.572955743970083 8.903745933653774
3.684300087940166 8.83753871171577
3.7956444319102496 8.812507852053166
3.7956444319102496 8.812507852069295
3.886556708067463 8.922260739384722
3.977468984224677 9.293010378408953
4.06838126038189 9.96780985118943
4.159293536539104 10.876555070478856
4.250205812696317 11.919796020289171
4.3411180888535315 11.575835385819769
4.432030365010744 10.983050496600383
4.522942641167958 10.507385861314244
4.613854917325172 10.476895334333387
4.613854917325172 10.476895334745654
4.678139604289043 10.882481310642422
4.742424291252911 11.537861283161549
4.806708978216781 12.23911111530171
4.8709936651806505 12.959039001971234
4.935278352144521 13.68293811168319
4.9995630391083905 14.388571568826595
5.06384772607226 15.022853530765845
5.12813241303613 15.454906855578857
5.1924171 15.585221573494003

0.0 8.841472334670001
0.12856937392773962 9.16763261235195
0.25713874785547924 9.775417730445106
0.38570812178321884 9.819512885385556
0.5142774957109585 10.747552901814304
0.6428468696386981 11.726298177050053
0.7714162435664377 12.73914751066665
0.8999856174941772 13.777384837931244
1.028554991421917 14.82296993437144
1.1571243653496566 15.585799332209035
1.1571243653496566 15.587548074927028
1.2025805034282633 15.546394643698003
1.2480366415068702 15.442097184955914
1.293492779585477 15.259590348525732
1.3389489176640836 15.062472014214471
1.3844050557426906 14.854993080174872
1.4298611938212973 14.545051616829866
1.475317331899904 14.268582843867835
1.5207734699785107 13.853389586290797
1.5662296080571176 13.509323997470798
1.5662296080571176 13.495506580313082
1.7025980222929382 12.55356945054973
1.8389664365287584 12.195296045177994
1.9753348507645787 11.6223102189006
2.111703265000399 11.258967140668863
2.248071679236219 11.140639496553442
2.3844400934720396 11.02504925697257
2.5208085077078604 10.301310994731075
2.6571769219436807 9.276827939533584
2.793545336179501 8.841472335136553
2.793545336179501 8.841472334922713
2.904889680149584 9.140276519974359
3.016234024119667 9.94863742858643
3.1275783680897504 10.929173488001148
3.2389227120598343 11.921385065139003
3.350267056029917 12.858099698504546
3.4616114 13.348692929777869
3.572955743970083 13.33562305328592
3.684300087940166 13.241351651249554
3.7956444319102496 13.202757196165406
3.7956444319102496 13.202757202115492
3.886556708067463 13.319848052083968
3.977468984224677 13.556363170964023
4.06838126038189 13.559275513458468
4.159293536539104 12.965748646644386
4.250205812696317 12.240164624788283
4.3411180888535315 11.994619131715668
4.432030365010744 11.426264002579213
4.522942641167958 10.901226259816902
4.613854917325172 10.476895716194184
4.613854917325172 10.476895716150652
4.678139604289043 10.88248343876329
4.742424291252911 11.537863995564589
4.806708978216781 12.239114211030705
4.8709936651806505 12.959043016718248
4.935278352144521 13.682942122262371
4.9995630391083905 14.388588663562485
5.06384772607226 15.023098740088859
5.12813241303613 15.455854187944668
5.1924171 15.585673379308076

