  0.00000000E+00 -0.68078402E+01
  0.28928109E-01 -0.68050806E+01
  0.57856218E-01 -0.67968218E+01
  0.86784327E-01 -0.67831196E+01
  0.11571244E+00 -0.67640535E+01
  0.14464055E+00 -0.67397095E+01
  0.17356865E+00 -0.67101614E+01
  0.20249676E+00 -0.66754526E+01
  0.23142487E+00 -0.66355854E+01
  0.26035298E+00 -0.65905167E+01
  0.28928109E+00 -0.65401644E+01
  0.31820920E+00 -0.64844217E+01
  0.34713731E+00 -0.64231784E+01
  0.37606542E+00 -0.63563454E+01
  0.40499353E+00 -0.62838770E+01
  0.43392164E+00 -0.62057897E+01
  0.46284975E+00 -0.61221706E+01
  0.49177786E+00 -0.60331756E+01
  0.52070596E+00 -0.59390168E+01
  0.54963407E+00 -0.58399385E+01
  0.57856218E+00 -0.57361880E+01
  0.60749029E+00 -0.56279824E+01
  0.63641840E+00 -0.55154789E+01
  0.66534651E+00 -0.53987526E+01
  0.69427462E+00 -0.52777841E+01
  0.72320273E+00 -0.51524616E+01
  0.75213084E+00 -0.50225950E+01
  0.78105895E+00 -0.48879418E+01
  0.80998706E+00 -0.47482418E+01
  0.83891517E+00 -0.46032563E+01
  0.86784327E+00 -0.44528071E+01
  0.89677138E+00 -0.42968109E+01
  0.92569949E+00 -0.41353025E+01
  0.95462760E+00 -0.39684437E+01
  0.98355571E+00 -0.37965141E+01
  0.10124838E+01 -0.36198841E+01
  0.10414119E+01 -0.34389744E+01
  0.10703400E+01 -0.32542082E+01
  0.10992681E+01 -0.30659658E+01
  0.11281963E+01 -0.28745512E+01
  0.11571244E+01 -0.26801763E+01
  0.11863462E+01 -0.26814534E+01
  0.12155680E+01 -0.26853576E+01
  0.12447898E+01 -0.26921039E+01
  0.12740116E+01 -0.27020379E+01
  0.13032334E+01 -0.27156193E+01
  0.13324552E+01 -0.27334021E+01
  0.13616770E+01 -0.27560129E+01
  0.13908988E+01 -0.27841289E+01
  0.14201206E+01 -0.28184555E+01
  0.14493424E+01 -0.28596983E+01
  0.14785642E+01 -0.29085312E+01
  0.15077860E+01 -0.29655534E+01
  0.15370078E+01 -0.30312393E+01
  0.15662296E+01 -0.31058844E+01
  0.15662296E+01 -0.31058844E+01
  0.15954514E+01 -0.31895554E+01
  0.16246732E+01 -0.32820571E+01
  0.16538950E+01 -0.33829249E+01
  0.16831168E+01 -0.34914470E+01
  0.17123386E+01 -0.36067145E+01
  0.17415604E+01 -0.37276879E+01
  0.17707822E+01 -0.38532694E+01
  0.18000040E+01 -0.39823684E+01
  0.18292258E+01 -0.41139529E+01
  0.18584476E+01 -0.42470822E+01
  0.18876694E+01 -0.43809231E+01
  0.19168912E+01 -0.45147501E+01
  0.19461130E+01 -0.46479351E+01
  0.19753349E+01 -0.47799301E+01
  0.20045567E+01 -0.49102482E+01
  0.20337785E+01 -0.50384448E+01
  0.20630003E+01 -0.51641025E+01
  0.20922221E+01 -0.52868215E+01
  0.21214439E+01 -0.54062150E+01
  0.21506657E+01 -0.55219110E+01
  0.21798875E+01 -0.56335577E+01
  0.22091093E+01 -0.57408321E+01
  0.22383311E+01 -0.58434496E+01
  0.22675529E+01 -0.59411729E+01
  0.22967747E+01 -0.60338184E+01
  0.23259965E+01 -0.61212585E+01
  0.23552183E+01 -0.62034201E+01
  0.23844401E+01 -0.62802784E+01
  0.24136619E+01 -0.63518472E+01
  0.24428837E+01 -0.64181658E+01
  0.24721055E+01 -0.64792852E+01
  0.25013273E+01 -0.65352542E+01
  0.25305491E+01 -0.65861074E+01
  0.25597709E+01 -0.66318564E+01
  0.25889927E+01 -0.66724851E+01
  0.26182145E+01 -0.67079487E+01
  0.26474363E+01 -0.67381787E+01
  0.26766581E+01 -0.67630895E+01
  0.27058799E+01 -0.67825895E+01
  0.27351017E+01 -0.67965914E+01
  0.27643235E+01 -0.68050239E+01
  0.27935453E+01 -0.68078402E+01
  0.28221767E+01 -0.68051364E+01
  0.28508081E+01 -0.67970386E+01
  0.28794395E+01 -0.67835858E+01
  0.29080709E+01 -0.67648385E+01
  0.29367024E+01 -0.67408714E+01
  0.29653338E+01 -0.67117663E+01
  0.29939652E+01 -0.66776037E+01
  0.30225966E+01 -0.66384567E+01
  0.30512280E+01 -0.65943863E+01
  0.30798594E+01 -0.65454396E+01
  0.31084908E+01 -0.64916511E+01
  0.31371222E+01 -0.64330469E+01
  0.31657536E+01 -0.63696510E+01
  0.31943850E+01 -0.63014937E+01
  0.32230164E+01 -0.62286200E+01
  0.32516478E+01 -0.61510989E+01
  0.32802792E+01 -0.60690315E+01
  0.33089106E+01 -0.59825587E+01
  0.33375420E+01 -0.58918688E+01
  0.33661734E+01 -0.57972047E+01
  0.33948048E+01 -0.56988731E+01
  0.34234362E+01 -0.55972570E+01
  0.34520676E+01 -0.54928332E+01
  0.34806990E+01 -0.53861975E+01
  0.35093304E+01 -0.52780995E+01
  0.35379618E+01 -0.51694903E+01
  0.35665932E+01 -0.50615831E+01
  0.35952246E+01 -0.49559281E+01
  0.36238560E+01 -0.48544956E+01
  0.36524874E+01 -0.47597527E+01
  0.36811188E+01 -0.46747013E+01
  0.37097502E+01 -0.46028164E+01
  0.37383816E+01 -0.45478026E+01
  0.37670130E+01 -0.45131061E+01
  0.37956444E+01 -0.45012325E+01
  0.38248662E+01 -0.44987322E+01
  0.38540880E+01 -0.44912032E+01
  0.38833098E+01 -0.44785642E+01
  0.39125316E+01 -0.44606908E+01
  0.39417534E+01 -0.44374305E+01
  0.39709753E+01 -0.44086214E+01
  0.40001971E+01 -0.43741126E+01
  0.40294189E+01 -0.43337832E+01
  0.40586407E+01 -0.42875592E+01
  0.40878625E+01 -0.42354247E+01
  0.41170843E+01 -0.41774275E+01
  0.41463061E+01 -0.41136789E+01
  0.41755279E+01 -0.40443473E+01
  0.42047497E+01 -0.39696473E+01
  0.42339715E+01 -0.38898273E+01
  0.42631933E+01 -0.38051553E+01
  0.42924151E+01 -0.37159081E+01
  0.43216369E+01 -0.36223629E+01
  0.43508587E+01 -0.35247947E+01
  0.43800805E+01 -0.34234805E+01
  0.44093023E+01 -0.33187088E+01
  0.44385241E+01 -0.32107963E+01
  0.44677459E+01 -0.31001093E+01
  0.44969677E+01 -0.29870880E+01
  0.45261895E+01 -0.28722736E+01
  0.45554113E+01 -0.27563368E+01
  0.45846331E+01 -0.26401287E+01
  0.46138549E+01 -0.25307228E+01
  0.46427830E+01 -0.25315790E+01
  0.46717111E+01 -0.25341033E+01
  0.47006392E+01 -0.25381724E+01
  0.47295674E+01 -0.25436085E+01
  0.47584955E+01 -0.25502133E+01
  0.47874236E+01 -0.25578005E+01
  0.48163517E+01 -0.25676090E+01
  0.48452798E+01 -0.25810554E+01
  0.48742079E+01 -0.25950230E+01
  0.49031360E+01 -0.26089922E+01
  0.49320641E+01 -0.26224522E+01
  0.49609922E+01 -0.26349481E+01
  0.49899203E+01 -0.26461198E+01
  0.50188484E+01 -0.26557267E+01
  0.50477766E+01 -0.26636540E+01
  0.50767047E+01 -0.26699006E+01
  0.51056328E+01 -0.26745498E+01
  0.51345609E+01 -0.26777302E+01
  0.51634890E+01 -0.26795736E+01
  0.51924171E+01 -0.26801763E+01
  
  0.00000000E+00  0.54474739E+01
  0.28928109E-01  0.54274946E+01
  0.57856218E-01  0.53689698E+01
  0.86784327E-01  0.52756558E+01
  0.11571244E+00  0.51525103E+01
  0.14464055E+00  0.50045267E+01
  0.17356865E+00  0.48359855E+01
  0.20249676E+00  0.46502036E+01
  0.23142487E+00  0.44496420E+01
  0.26035298E+00  0.42361871E+01
  0.28928109E+00  0.40114658E+01
  0.31820920E+00  0.37771061E+01
  0.34713731E+00  0.35349028E+01
  0.37606542E+00  0.32868751E+01
  0.40499353E+00  0.30352279E+01
  0.43392164E+00  0.27822378E+01
  0.46284975E+00  0.25300958E+01
  0.49177786E+00  0.22807388E+01
  0.52070596E+00  0.20356995E+01
  0.54963407E+00  0.17960001E+01
  0.57856218E+00  0.15621019E+01
  0.60749029E+00  0.13339200E+01
  0.63641840E+00  0.11108965E+01
  0.66534651E+00  0.89212165E+00
  0.69427462E+00  0.67648423E+00
  0.72320273E+00  0.46283147E+00
  0.75213084E+00  0.25011601E+00
  0.78105895E+00  0.37512512E-01
  0.80998706E+00 -0.17550910E+00
  0.83891517E+00 -0.38915914E+00
  0.86784327E+00 -0.60334980E+00
  0.89677138E+00 -0.81775343E+00
  0.92569949E+00 -0.10318833E+01
  0.95462760E+00 -0.12451813E+01
  0.98355571E+00 -0.14570973E+01
  0.10124838E+01 -0.16671517E+01
  0.10414119E+01 -0.18749716E+01
  0.10703400E+01 -0.20803022E+01
  0.10992681E+01 -0.22829935E+01
  0.11281963E+01 -0.24829679E+01
  0.11571244E+01 -0.26801763E+01
  0.11863462E+01 -0.26769360E+01
  0.12155680E+01 -0.26672296E+01
  0.12447898E+01 -0.26511011E+01
  0.12740116E+01 -0.26286218E+01
  0.13032334E+01 -0.25998880E+01
  0.13324552E+01 -0.25650176E+01
  0.13616770E+01 -0.25241463E+01
  0.13908988E+01 -0.24774226E+01
  0.14201206E+01 -0.24250032E+01
  0.14493424E+01 -0.23670476E+01
  0.14785642E+01 -0.23037127E+01
  0.15077860E+01 -0.22351472E+01
  0.15370078E+01 -0.21614853E+01
  0.15662296E+01 -0.20828389E+01
  0.15662296E+01 -0.20828389E+01
  0.15954514E+01 -0.19992880E+01
  0.16246732E+01 -0.19108688E+01
  0.16538950E+01 -0.18175603E+01
  0.16831168E+01 -0.17192720E+01
  0.17123386E+01 -0.16158359E+01
  0.17415604E+01 -0.15070056E+01
  0.17707822E+01 -0.13924664E+01
  0.18000040E+01 -0.12718548E+01
  0.18292258E+01 -0.11447884E+01
  0.18584476E+01 -0.10108992E+01
  0.18876694E+01 -0.86986931E+00
  0.19168912E+01 -0.72146122E+00
  0.19461130E+01 -0.56554101E+00
  0.19753349E+01 -0.40209135E+00
  0.20045567E+01 -0.23121416E+00
  0.20337785E+01 -0.53123683E-01
  0.20630003E+01  0.13186773E+00
  0.20922221E+01  0.32336892E+00
  0.21214439E+01  0.52093250E+00
  0.21506657E+01  0.72407984E+00
  0.21798875E+01  0.93232843E+00
  0.22091093E+01  0.11452215E+01
  0.22383311E+01  0.13623585E+01
  0.22675529E+01  0.15834230E+01
  0.22967747E+01  0.18082025E+01
  0.23259965E+01  0.20365954E+01
  0.23552183E+01  0.22685984E+01
  0.23844401E+01  0.25042747E+01
  0.24136619E+01  0.27437015E+01
  0.24428837E+01  0.29868990E+01
  0.24721055E+01  0.32337422E+01
  0.25013273E+01  0.34838527E+01
  0.25305491E+01  0.37364647E+01
  0.25597709E+01  0.39902482E+01
  0.25889927E+01  0.42430665E+01
  0.26182145E+01  0.44916345E+01
  0.26474363E+01  0.47310431E+01
  0.26766581E+01  0.49541437E+01
  0.27058799E+01  0.51509155E+01
  0.27351017E+01  0.53082779E+01
  0.27643235E+01  0.54113803E+01
  0.27935453E+01  0.54474739E+01
  0.28221767E+01  0.54077666E+01
  0.28508081E+01  0.52944593E+01
  0.28794395E+01  0.51217436E+01
  0.29080709E+01  0.49059188E+01
  0.29367024E+01  0.46611140E+01
  0.29653338E+01  0.43979775E+01
  0.29939652E+01  0.41239698E+01
  0.30225966E+01  0.38441011E+01
  0.30512280E+01  0.35616305E+01
  0.30798594E+01  0.32786116E+01
  0.31084908E+01  0.29962962E+01
  0.31371222E+01  0.27154284E+01
  0.31657536E+01  0.24364593E+01
  0.31943850E+01  0.21597026E+01
  0.32230164E+01  0.18854455E+01
  0.32516478E+01  0.16140216E+01
  0.32802792E+01  0.13458531E+01
  0.33089106E+01  0.10814681E+01
  0.33375420E+01  0.82149603E+00
  0.33661734E+01  0.56665112E+00
  0.33948048E+01  0.31770884E+00
  0.34234362E+01  0.75484606E-01
  0.34520676E+01 -0.15917823E+00
  0.34806990E+01 -0.38540475E+00
  0.35093304E+01 -0.60226454E+00
  0.35379618E+01 -0.80872520E+00
  0.35665932E+01 -0.10035826E+01
  0.35952246E+01 -0.11853710E+01
  0.36238560E+01 -0.13522599E+01
  0.36524874E+01 -0.15019555E+01
  0.36811188E+01 -0.16316423E+01
  0.37097502E+01 -0.17380252E+01
  0.37383816E+01 -0.18175569E+01
  0.37670130E+01 -0.18669128E+01
  0.37956444E+01 -0.18836642E+01
  0.38248662E+01 -0.18819123E+01
  0.38540880E+01 -0.18766814E+01
  0.38833098E+01 -0.18680494E+01
  0.39125316E+01 -0.18561567E+01
  0.39417534E+01 -0.18412206E+01
  0.39709753E+01 -0.18235524E+01
  0.40001971E+01 -0.18035764E+01
  0.40294189E+01 -0.17818474E+01
  0.40586407E+01 -0.17590674E+01
  0.40878625E+01 -0.17360981E+01
  0.41170843E+01 -0.17139707E+01
  0.41463061E+01 -0.16938888E+01
  0.41755279E+01 -0.16772219E+01
  0.42047497E+01 -0.16654838E+01
  0.42339715E+01 -0.16602887E+01
  0.42631933E+01 -0.16632763E+01
  0.42924151E+01 -0.16760029E+01
  0.43216369E+01 -0.16998028E+01
  0.43508587E+01 -0.17356399E+01
  0.43800805E+01 -0.17839828E+01
  0.44093023E+01 -0.18447399E+01
  0.44385241E+01 -0.19172748E+01
  0.44677459E+01 -0.20004972E+01
  0.44969677E+01 -0.20929993E+01
  0.45261895E+01 -0.21932015E+01
  0.45554113E+01 -0.22994758E+01
  0.45846331E+01 -0.24102108E+01
  0.46138549E+01 -0.25178477E+01
  0.46427830E+01 -0.25189184E+01
  0.46717111E+01 -0.25221257E+01
  0.47006392E+01 -0.25274477E+01
  0.47295674E+01 -0.25348249E+01
  0.47584955E+01 -0.25441346E+01
  0.47874236E+01 -0.25551662E+01
  0.48163517E+01 -0.25662190E+01
  0.48452798E+01 -0.25753610E+01
  0.48742079E+01 -0.25851527E+01
  0.49031360E+01 -0.25955307E+01
  0.49320641E+01 -0.26064110E+01
  0.49609922E+01 -0.26176555E+01
  0.49899203E+01 -0.26290467E+01
  0.50188484E+01 -0.26402752E+01
  0.50477766E+01 -0.26509454E+01
  0.50767047E+01 -0.26605990E+01
  0.51056328E+01 -0.26687559E+01
  0.51345609E+01 -0.26749639E+01
  0.51634890E+01 -0.26788520E+01
  0.51924171E+01 -0.26801763E+01
  
  0.00000000E+00  0.54474740E+01
  0.28928109E-01  0.54297761E+01
  0.57856218E-01  0.53783378E+01
  0.86784327E-01  0.52975829E+01
  0.11571244E+00  0.51934540E+01
  0.14464055E+00  0.50721685E+01
  0.17356865E+00  0.49394105E+01
  0.20249676E+00  0.47999742E+01
  0.23142487E+00  0.46576892E+01
  0.26035298E+00  0.45154712E+01
  0.28928109E+00  0.43754102E+01
  0.31820920E+00  0.42388659E+01
  0.34713731E+00  0.41065664E+01
  0.37606542E+00  0.39787201E+01
  0.40499353E+00  0.38551439E+01
  0.43392164E+00  0.37354114E+01
  0.46284975E+00  0.36190100E+01
  0.49177786E+00  0.35054972E+01
  0.52070596E+00  0.33946366E+01
  0.54963407E+00  0.32864980E+01
  0.57856218E+00  0.31815079E+01
  0.60749029E+00  0.30804423E+01
  0.63641840E+00  0.29843625E+01
  0.66534651E+00  0.28945017E+01
  0.69427462E+00  0.28121183E+01
  0.72320273E+00  0.27383376E+01
  0.75213084E+00  0.26740055E+01
  0.78105895E+00  0.26195771E+01
  0.80998706E+00  0.25750565E+01
  0.83891517E+00  0.25399975E+01
  0.86784327E+00  0.25135597E+01
  0.89677138E+00  0.24946098E+01
  0.92569949E+00  0.24818468E+01
  0.95462760E+00  0.24739281E+01
  0.98355571E+00  0.24695791E+01
  0.10124838E+01  0.24676723E+01
  0.10414119E+01  0.24672720E+01
  0.10703400E+01  0.24676481E+01
  0.10992681E+01  0.24682676E+01
  0.11281963E+01  0.24687739E+01
  0.11571244E+01  0.24689646E+01
  0.11863462E+01  0.24462645E+01
  0.12155680E+01  0.23810733E+01
  0.12447898E+01  0.22809149E+01
  0.12740116E+01  0.21553118E+01
  0.13032334E+01  0.20135003E+01
  0.13324552E+01  0.18632778E+01
  0.13616770E+01  0.17107814E+01
  0.13908988E+01  0.15607245E+01
  0.14201206E+01  0.14167563E+01
  0.14493424E+01  0.12817855E+01
  0.14785642E+01  0.11582121E+01
  0.15077860E+01  0.10480637E+01
  0.15370078E+01  0.95304704E+00
  0.15662296E+01  0.87453757E+00
  0.15662296E+01  0.87453761E+00
  0.15954514E+01  0.81353362E+00
  0.16246732E+01  0.77060222E+00
  0.16538950E+01  0.74584249E+00
  0.16831168E+01  0.73888316E+00
  0.17123386E+01  0.74892197E+00
  0.17415604E+01  0.77480422E+00
  0.17707822E+01  0.81513027E+00
  0.18000040E+01  0.86837832E+00
  0.18292258E+01  0.93302823E+00
  0.18584476E+01  0.10076736E+01
  0.18876694E+01  0.10911117E+01
  0.19168912E+01  0.11824052E+01
  0.19461130E+01  0.12809098E+01
  0.19753349E+01  0.13862692E+01
  0.20045567E+01  0.14983786E+01
  0.20337785E+01  0.16173212E+01
  0.20630003E+01  0.17432871E+01
  0.20922221E+01  0.18764828E+01
  0.21214439E+01  0.20170424E+01
  0.21506657E+01  0.21649495E+01
  0.21798875E+01  0.23199794E+01
  0.22091093E+01  0.24816677E+01
  0.22383311E+01  0.26493084E+01
  0.22675529E+01  0.28219824E+01
  0.22967747E+01  0.29986144E+01
  0.23259965E+01  0.31780473E+01
  0.23552183E+01  0.33591254E+01
  0.23844401E+01  0.35407676E+01
  0.24136619E+01  0.37220192E+01
  0.24428837E+01  0.39020666E+01
  0.24721055E+01  0.40802088E+01
  0.25013273E+01  0.42557817E+01
  0.25305491E+01  0.44280362E+01
  0.25597709E+01  0.45959730E+01
  0.25889927E+01  0.47581440E+01
  0.26182145E+01  0.49124350E+01
  0.26474363E+01  0.50558619E+01
  0.26766581E+01  0.51844378E+01
  0.27058799E+01  0.52932163E+01
  0.27351017E+01  0.53766515E+01
  0.27643235E+01  0.54293970E+01
  0.27935453E+01  0.54474740E+01
  0.28221767E+01  0.54403070E+01
  0.28508081E+01  0.54192651E+01
  0.28794395E+01  0.53856383E+01
  0.29080709E+01  0.53413224E+01
  0.29367024E+01  0.52885301E+01
  0.29653338E+01  0.52295220E+01
  0.29939652E+01  0.51664063E+01
  0.30225966E+01  0.51010213E+01
  0.30512280E+01  0.50348910E+01
  0.30798594E+01  0.49692324E+01
  0.31084908E+01  0.49049909E+01
  0.31371222E+01  0.48428888E+01
  0.31657536E+01  0.47834720E+01
  0.31943850E+01  0.47271491E+01
  0.32230164E+01  0.46742196E+01
  0.32516478E+01  0.46248906E+01
  0.32802792E+01  0.45792855E+01
  0.33089106E+01  0.45374465E+01
  0.33375420E+01  0.44993360E+01
  0.33661734E+01  0.44648397E+01
  0.33948048E+01  0.44337737E+01
  0.34234362E+01  0.44058970E+01
  0.34520676E+01  0.43809306E+01
  0.34806990E+01  0.43585798E+01
  0.35093304E+01  0.43385597E+01
  0.35379618E+01  0.43206191E+01
  0.35665932E+01  0.43045604E+01
  0.35952246E+01  0.42902536E+01
  0.36238560E+01  0.42776407E+01
  0.36524874E+01  0.42667312E+01
  0.36811188E+01  0.42575889E+01
  0.37097502E+01  0.42503123E+01
  0.37383816E+01  0.42450116E+01
  0.37670130E+01  0.42417856E+01
  0.37956444E+01  0.42407023E+01
  0.38248662E+01  0.42088182E+01
  0.38540880E+01  0.41173924E+01
  0.38833098E+01  0.39769886E+01
  0.39125316E+01  0.38002645E+01
  0.39417534E+01  0.35988291E+01
  0.39709753E+01  0.33820908E+01
  0.40001971E+01  0.31573236E+01
  0.40294189E+01  0.29301336E+01
  0.40586407E+01  0.27049252E+01
  0.40878625E+01  0.24852567E+01
  0.41170843E+01  0.22740855E+01
  0.41463061E+01  0.20739327E+01
  0.41755279E+01  0.18869929E+01
  0.42047497E+01  0.17152070E+01
  0.42339715E+01  0.15603013E+01
  0.42631933E+01  0.14237934E+01
  0.42924151E+01  0.13069603E+01
  0.43216369E+01  0.12107729E+01
  0.43508587E+01  0.11358140E+01
  0.43800805E+01  0.10822079E+01
  0.44093023E+01  0.10495959E+01
  0.44385241E+01  0.10371747E+01
  0.44677459E+01  0.10437929E+01
  0.44969677E+01  0.10680717E+01
  0.45261895E+01  0.11085045E+01
  0.45554113E+01  0.11634444E+01
  0.45846331E+01  0.12304459E+01
  0.46138549E+01  0.12878461E+01
  0.46427830E+01  0.12942777E+01
  0.46717111E+01  0.13134609E+01
  0.47006392E+01  0.13450565E+01
  0.47295674E+01  0.13884871E+01
  0.47584955E+01  0.14429274E+01
  0.47874236E+01  0.15073012E+01
  0.48163517E+01  0.15756876E+01
  0.48452798E+01  0.16423733E+01
  0.48742079E+01  0.17158746E+01
  0.49031360E+01  0.17953371E+01
  0.49320641E+01  0.18796634E+01
  0.49609922E+01  0.19674254E+01
  0.49899203E+01  0.20567689E+01
  0.50188484E+01  0.21453243E+01
  0.50477766E+01  0.22301483E+01
  0.50767047E+01  0.23077360E+01
  0.51056328E+01  0.23741606E+01
  0.51345609E+01  0.24253965E+01
  0.51634890E+01  0.24578429E+01
  0.51924171E+01  0.24689646E+01
  
  0.00000000E+00  0.54474740E+01
  0.28928109E-01  0.54297762E+01
  0.57856218E-01  0.53783380E+01
  0.86784327E-01  0.52975833E+01
  0.11571244E+00  0.51934544E+01
  0.14464055E+00  0.50721690E+01
  0.17356865E+00  0.49394110E+01
  0.20249676E+00  0.47999747E+01
  0.23142487E+00  0.46576897E+01
  0.26035298E+00  0.45154717E+01
  0.28928109E+00  0.43754106E+01
  0.31820920E+00  0.42388661E+01
  0.34713731E+00  0.41065666E+01
  0.37606542E+00  0.39787201E+01
  0.40499353E+00  0.38551440E+01
  0.43392164E+00  0.37354115E+01
  0.46284975E+00  0.36190102E+01
  0.49177786E+00  0.35054975E+01
  0.52070596E+00  0.33946370E+01
  0.54963407E+00  0.32864984E+01
  0.57856218E+00  0.31815082E+01
  0.60749029E+00  0.30804426E+01
  0.63641840E+00  0.29843628E+01
  0.66534651E+00  0.28945019E+01
  0.69427462E+00  0.28121184E+01
  0.72320273E+00  0.27383377E+01
  0.75213084E+00  0.26740055E+01
  0.78105895E+00  0.26195771E+01
  0.80998706E+00  0.25750566E+01
  0.83891517E+00  0.25399976E+01
  0.86784327E+00  0.25135599E+01
  0.89677138E+00  0.24946100E+01
  0.92569949E+00  0.24818470E+01
  0.95462760E+00  0.24739283E+01
  0.98355571E+00  0.24695794E+01
  0.10124838E+01  0.24676726E+01
  0.10414119E+01  0.24672722E+01
  0.10703400E+01  0.24676483E+01
  0.10992681E+01  0.24682677E+01
  0.11281963E+01  0.24687741E+01
  0.11571244E+01  0.24689647E+01
  0.11863462E+01  0.24712036E+01
  0.12155680E+01  0.24779396E+01
  0.12447898E+01  0.24892253E+01
  0.12740116E+01  0.25051346E+01
  0.13032334E+01  0.25257430E+01
  0.13324552E+01  0.25511050E+01
  0.13616770E+01  0.25812301E+01
  0.13908988E+01  0.26160619E+01
  0.14201206E+01  0.26554627E+01
  0.14493424E+01  0.26992071E+01
  0.14785642E+01  0.27469847E+01
  0.15077860E+01  0.27984139E+01
  0.15370078E+01  0.28530647E+01
  0.15662296E+01  0.29104892E+01
  0.15662296E+01  0.29104893E+01
  0.15954514E+01  0.29702558E+01
  0.16246732E+01  0.30319839E+01
  0.16538950E+01  0.30953760E+01
  0.16831168E+01  0.31602412E+01
  0.17123386E+01  0.32265087E+01
  0.17415604E+01  0.32942288E+01
  0.17707822E+01  0.33635602E+01
  0.18000040E+01  0.34347446E+01
  0.18292258E+01  0.35080702E+01
  0.18584476E+01  0.35838282E+01
  0.18876694E+01  0.36622649E+01
  0.19168912E+01  0.37435368E+01
  0.19461130E+01  0.38276695E+01
  0.19753349E+01  0.39145289E+01
  0.20045567E+01  0.40038044E+01
  0.20337785E+01  0.40950081E+01
  0.20630003E+01  0.41874897E+01
  0.20922221E+01  0.42804657E+01
  0.21214439E+01  0.43730616E+01
  0.21506657E+01  0.44643610E+01
  0.21798875E+01  0.45534594E+01
  0.22091093E+01  0.46395162E+01
  0.22383311E+01  0.47218004E+01
  0.22675529E+01  0.47997260E+01
  0.22967747E+01  0.48728749E+01
  0.23259965E+01  0.49410036E+01
  0.23552183E+01  0.50040357E+01
  0.23844401E+01  0.50620408E+01
  0.24136619E+01  0.51152018E+01
  0.24428837E+01  0.51637761E+01
  0.24721055E+01  0.52080529E+01
  0.25013273E+01  0.52483134E+01
  0.25305491E+01  0.52847957E+01
  0.25597709E+01  0.53176699E+01
  0.25889927E+01  0.53470235E+01
  0.26182145E+01  0.53728596E+01
  0.26474363E+01  0.53951060E+01
  0.26766581E+01  0.54136342E+01
  0.27058799E+01  0.54282841E+01
  0.27351017E+01  0.54388926E+01
  0.27643235E+01  0.54453204E+01
  0.27935453E+01  0.54474740E+01
  0.28221767E+01  0.54403071E+01
  0.28508081E+01  0.54192651E+01
  0.28794395E+01  0.53856384E+01
  0.29080709E+01  0.53413225E+01
  0.29367024E+01  0.52885302E+01
  0.29653338E+01  0.52295222E+01
  0.29939652E+01  0.51664065E+01
  0.30225966E+01  0.51010214E+01
  0.30512280E+01  0.50348911E+01
  0.30798594E+01  0.49692324E+01
  0.31084908E+01  0.49049909E+01
  0.31371222E+01  0.48428889E+01
  0.31657536E+01  0.47834721E+01
  0.31943850E+01  0.47271492E+01
  0.32230164E+01  0.46742197E+01
  0.32516478E+01  0.46248908E+01
  0.32802792E+01  0.45792856E+01
  0.33089106E+01  0.45374466E+01
  0.33375420E+01  0.44993361E+01
  0.33661734E+01  0.44648398E+01
  0.33948048E+01  0.44337737E+01
  0.34234362E+01  0.44058970E+01
  0.34520676E+01  0.43809306E+01
  0.34806990E+01  0.43585799E+01
  0.35093304E+01  0.43385599E+01
  0.35379618E+01  0.43206192E+01
  0.35665932E+01  0.43045606E+01
  0.35952246E+01  0.42902538E+01
  0.36238560E+01  0.42776409E+01
  0.36524874E+01  0.42667314E+01
  0.36811188E+01  0.42575891E+01
  0.37097502E+01  0.42503125E+01
  0.37383816E+01  0.42450118E+01
  0.37670130E+01  0.42417859E+01
  0.37956444E+01  0.42407025E+01
  0.38248662E+01  0.42336119E+01
  0.38540880E+01  0.42124643E+01
  0.38833098E+01  0.41776236E+01
  0.39125316E+01  0.41296672E+01
  0.39417534E+01  0.40693447E+01
  0.39709753E+01  0.39975273E+01
  0.40001971E+01  0.39151523E+01
  0.40294189E+01  0.38231720E+01
  0.40586407E+01  0.37225140E+01
  0.40878625E+01  0.36140569E+01
  0.41170843E+01  0.34986239E+01
  0.41463061E+01  0.33769918E+01
  0.41755279E+01  0.32499115E+01
  0.42047497E+01  0.31181345E+01
  0.42339715E+01  0.29824405E+01
  0.42631933E+01  0.28436613E+01
  0.42924151E+01  0.27026963E+01
  0.43216369E+01  0.25605205E+01
  0.43508587E+01  0.24181816E+01
  0.43800805E+01  0.22767898E+01
  0.44093023E+01  0.21375004E+01
  0.44385241E+01  0.20014945E+01
  0.44677459E+01  0.18699621E+01
  0.44969677E+01  0.17440936E+01
  0.45261895E+01  0.16250974E+01
  0.45554113E+01  0.15143075E+01
  0.45846331E+01  0.14139090E+01
  0.46138549E+01  0.13453958E+01
  0.46427830E+01  0.13503055E+01
  0.46717111E+01  0.13649764E+01
  0.47006392E+01  0.13892389E+01
  0.47295674E+01  0.14228253E+01
  0.47584955E+01  0.14653860E+01
  0.47874236E+01  0.15165023E+01
  0.48163517E+01  0.15802943E+01
  0.48452798E+01  0.16603824E+01
  0.48742079E+01  0.17458737E+01
  0.49031360E+01  0.18349553E+01
  0.49320641E+01  0.19257331E+01
  0.49609922E+01  0.20162531E+01
  0.49899203E+01  0.21044976E+01
  0.50188484E+01  0.21883565E+01
  0.50477766E+01  0.22655897E+01
  0.50767047E+01  0.23338074E+01
  0.51056328E+01  0.23905146E+01
  0.51345609E+01  0.24332600E+01
  0.51634890E+01  0.24599049E+01
  0.51924171E+01  0.24689647E+01
  
  0.00000000E+00  0.84884199E+01
  0.28928109E-01  0.84834013E+01
  0.57856218E-01  0.84684265E+01
  0.86784327E-01  0.84437262E+01
  0.11571244E+00  0.84096494E+01
  0.14464055E+00  0.83666204E+01
  0.17356865E+00  0.83150919E+01
  0.20249676E+00  0.82555071E+01
  0.23142487E+00  0.81882762E+01
  0.26035298E+00  0.81137758E+01
  0.28928109E+00  0.80323721E+01
  0.31820920E+00  0.79444640E+01
  0.34713731E+00  0.78505386E+01
  0.37606542E+00  0.77512268E+01
  0.40499353E+00  0.76473470E+01
  0.43392164E+00  0.75399257E+01
  0.46284975E+00  0.74301880E+01
  0.49177786E+00  0.73195165E+01
  0.52070596E+00  0.72093829E+01
  0.54963407E+00  0.71012611E+01
  0.57856218E+00  0.69965358E+01
  0.60749029E+00  0.68964189E+01
  0.63641840E+00  0.68018892E+01
  0.66534651E+00  0.67136616E+01
  0.69427462E+00  0.66321926E+01
  0.72320273E+00  0.65577202E+01
  0.75213084E+00  0.64903318E+01
  0.78105895E+00  0.64300502E+01
  0.80998706E+00  0.63769226E+01
  0.83891517E+00  0.63310967E+01
  0.86784327E+00  0.62928667E+01
  0.89677138E+00  0.62626750E+01
  0.92569949E+00  0.62410662E+01
  0.95462760E+00  0.62286005E+01
  0.98355571E+00  0.62257487E+01
  0.10124838E+01  0.62327984E+01
  0.10414119E+01  0.62497986E+01
  0.10703400E+01  0.62765580E+01
  0.10992681E+01  0.63126986E+01
  0.11281963E+01  0.63577554E+01
  0.11571244E+01  0.64113039E+01
  0.11863462E+01  0.64144136E+01
  0.12155680E+01  0.64237200E+01
  0.12447898E+01  0.64391562E+01
  0.12740116E+01  0.64606120E+01
  0.13032334E+01  0.64879368E+01
  0.13324552E+01  0.65209431E+01
  0.13616770E+01  0.65594114E+01
  0.13908988E+01  0.66030964E+01
  0.14201206E+01  0.66517338E+01
  0.14493424E+01  0.67050495E+01
  0.14785642E+01  0.67627714E+01
  0.15077860E+01  0.68246451E+01
  0.15370078E+01  0.68904545E+01
  0.15662296E+01  0.69600448E+01
  0.15662296E+01  0.69600448E+01
  0.15954514E+01  0.70333474E+01
  0.16246732E+01  0.71103999E+01
  0.16538950E+01  0.71913573E+01
  0.16831168E+01  0.72764886E+01
  0.17123386E+01  0.73661549E+01
  0.17415604E+01  0.74607687E+01
  0.17707822E+01  0.75607333E+01
  0.18000040E+01  0.76663669E+01
  0.18292258E+01  0.77778133E+01
  0.18584476E+01  0.78949457E+01
  0.18876694E+01  0.80172666E+01
  0.19168912E+01  0.81438125E+01
  0.19461130E+01  0.82730715E+01
  0.19753349E+01  0.84029308E+01
  0.20045567E+01  0.85306766E+01
  0.20337785E+01  0.86530794E+01
  0.20630003E+01  0.87665989E+01
  0.20922221E+01  0.88677246E+01
  0.21214439E+01  0.89534254E+01
  0.21506657E+01  0.90216108E+01
  0.21798875E+01  0.90714551E+01
  0.22091093E+01  0.91034627E+01
  0.22383311E+01  0.91192559E+01
  0.22675529E+01  0.91211898E+01
  0.22967747E+01  0.91119428E+01
  0.23259965E+01  0.90941921E+01
  0.23552183E+01  0.90704079E+01
  0.23844401E+01  0.90390643E+01
  0.24136619E+01  0.89559746E+01
  0.24428837E+01  0.88794174E+01
  0.24721055E+01  0.88097583E+01
  0.25013273E+01  0.87472977E+01
  0.25305491E+01  0.86922191E+01
  0.25597709E+01  0.86445515E+01
  0.25889927E+01  0.86041524E+01
  0.26182145E+01  0.85707136E+01
  0.26474363E+01  0.85437893E+01
  0.26766581E+01  0.85228434E+01
  0.27058799E+01  0.85073096E+01
  0.27351017E+01  0.84966573E+01
  0.27643235E+01  0.84904548E+01
  0.27935453E+01  0.84884199E+01
  0.28221767E+01  0.84961925E+01
  0.28508081E+01  0.85190416E+01
  0.28794395E+01  0.85556483E+01
  0.29080709E+01  0.86040740E+01
  0.29367024E+01  0.86599455E+01
  0.29653338E+01  0.86582406E+01
  0.29939652E+01  0.86394686E+01
  0.30225966E+01  0.86071972E+01
  0.30512280E+01  0.85643197E+01
  0.30798594E+01  0.85131193E+01
  0.31084908E+01  0.84554967E+01
  0.31371222E+01  0.83931437E+01
  0.31657536E+01  0.83276327E+01
  0.31943850E+01  0.82604372E+01
  0.32230164E+01  0.81929072E+01
  0.32516478E+01  0.81262222E+01
  0.32802792E+01  0.80613417E+01
  0.33089106E+01  0.79989700E+01
  0.33375420E+01  0.79395453E+01
  0.33661734E+01  0.78832565E+01
  0.33948048E+01  0.78300865E+01
  0.34234362E+01  0.77798753E+01
  0.34520676E+01  0.77323931E+01
  0.34806990E+01  0.76874141E+01
  0.35093304E+01  0.76447809E+01
  0.35379618E+01  0.76044542E+01
  0.35665932E+01  0.75665410E+01
  0.35952246E+01  0.75313014E+01
  0.36238560E+01  0.74991340E+01
  0.36524874E+01  0.74705428E+01
  0.36811188E+01  0.74460911E+01
  0.37097502E+01  0.74263461E+01
  0.37383816E+01  0.74118227E+01
  0.37670130E+01  0.74029317E+01
  0.37956444E+01  0.73999376E+01
  0.38248662E+01  0.74303607E+01
  0.38540880E+01  0.75162964E+01
  0.38833098E+01  0.76439958E+01
  0.39125316E+01  0.77961046E+01
  0.39417534E+01  0.79561230E+01
  0.39709753E+01  0.81115657E+01
  0.40001971E+01  0.82556008E+01
  0.40294189E+01  0.83867181E+01
  0.40586407E+01  0.85068452E+01
  0.40878625E+01  0.86192619E+01
  0.41170843E+01  0.87272580E+01
  0.41463061E+01  0.88335740E+01
  0.41755279E+01  0.89402932E+01
  0.42047497E+01  0.90489079E+01
  0.42339715E+01  0.91604226E+01
  0.42631933E+01  0.92754414E+01
  0.42924151E+01  0.93942177E+01
  0.43216369E+01  0.95166480E+01
  0.43508587E+01  0.96422867E+01
  0.43800805E+01  0.97706550E+01
  0.44093023E+01  0.99016702E+01
  0.44385241E+01  0.10035402E+02
  0.44677459E+01  0.10171645E+02
  0.44969677E+01  0.10309831E+02
  0.45261895E+01  0.10448853E+02
  0.45554113E+01  0.10586304E+02
  0.45846331E+01  0.10716130E+02
  0.46138549E+01  0.10809746E+02
  0.46427830E+01  0.10705345E+02
  0.46717111E+01  0.10469540E+02
  0.47006392E+01  0.10183854E+02
  0.47295674E+01  0.98807367E+01
  0.47584955E+01  0.95742543E+01
  0.47874236E+01  0.92685563E+01
  0.48163517E+01  0.89656167E+01
  0.48452798E+01  0.86669728E+01
  0.48742079E+01  0.83756719E+01
  0.49031360E+01  0.80936113E+01
  0.49320641E+01  0.78228448E+01
  0.49609922E+01  0.75657337E+01
  0.49899203E+01  0.73250544E+01
  0.50188484E+01  0.71040579E+01
  0.50477766E+01  0.69064647E+01
  0.50767047E+01  0.67363749E+01
  0.51056328E+01  0.65980631E+01
  0.51345609E+01  0.64956409E+01
  0.51634890E+01  0.64325985E+01
  0.51924171E+01  0.64113039E+01
  
  0.00000000E+00  0.84884199E+01
  0.28928109E-01  0.85082227E+01
  0.57856218E-01  0.85658948E+01
  0.86784327E-01  0.86567813E+01
  0.11571244E+00  0.87745937E+01
  0.14464055E+00  0.89127076E+01
  0.17356865E+00  0.90650341E+01
  0.20249676E+00  0.92264425E+01
  0.23142487E+00  0.93928945E+01
  0.26035298E+00  0.95614404E+01
  0.28928109E+00  0.97301621E+01
  0.31820920E+00  0.98980909E+01
  0.34713731E+00  0.10065107E+02
  0.37606542E+00  0.10231817E+02
  0.40499353E+00  0.10399403E+02
  0.43392164E+00  0.10369827E+02
  0.46284975E+00  0.10298468E+02
  0.49177786E+00  0.10199982E+02
  0.52070596E+00  0.10074723E+02
  0.54963407E+00  0.99236657E+01
  0.57856218E+00  0.97485335E+01
  0.60749029E+00  0.95518785E+01
  0.63641840E+00  0.93370977E+01
  0.66534651E+00  0.91083607E+01
  0.69427462E+00  0.88704468E+01
  0.72320273E+00  0.86284997E+01
  0.75213084E+00  0.83877204E+01
  0.78105895E+00  0.81530335E+01
  0.80998706E+00  0.79287634E+01
  0.83891517E+00  0.77183633E+01
  0.86784327E+00  0.75242344E+01
  0.89677138E+00  0.73476604E+01
  0.92569949E+00  0.71888661E+01
  0.95462760E+00  0.70471895E+01
  0.98355571E+00  0.69213315E+01
  0.10124838E+01  0.68096406E+01
  0.10414119E+01  0.67103862E+01
  0.10703400E+01  0.66219878E+01
  0.10992681E+01  0.65431782E+01
  0.11281963E+01  0.64730953E+01
  0.11571244E+01  0.64113039E+01
  0.11863462E+01  0.64519331E+01
  0.12155680E+01  0.65706640E+01
  0.12447898E+01  0.67592422E+01
  0.12740116E+01  0.70069640E+01
  0.13032334E+01  0.73030114E+01
  0.13324552E+01  0.76376667E+01
  0.13616770E+01  0.80026003E+01
  0.13908988E+01  0.83906946E+01
  0.14201206E+01  0.87957279E+01
  0.14493424E+01  0.92120689E+01
  0.14785642E+01  0.96344284E+01
  0.15077860E+01  0.10057671E+02
  0.15370078E+01  0.10476683E+02
  0.15662296E+01  0.10886280E+02
  0.15662296E+01  0.10886280E+02
  0.15954514E+01  0.11281166E+02
  0.16246732E+01  0.11655927E+02
  0.16538950E+01  0.12005073E+02
  0.16831168E+01  0.12323113E+02
  0.17123386E+01  0.12348792E+02
  0.17415604E+01  0.12175923E+02
  0.17707822E+01  0.12005253E+02
  0.18000040E+01  0.11835394E+02
  0.18292258E+01  0.11665454E+02
  0.18584476E+01  0.11495067E+02
  0.18876694E+01  0.11324369E+02
  0.19168912E+01  0.11153919E+02
  0.19461130E+01  0.10984587E+02
  0.19753349E+01  0.10817428E+02
  0.20045567E+01  0.10653545E+02
  0.20337785E+01  0.10493972E+02
  0.20630003E+01  0.10339579E+02
  0.20922221E+01  0.10191012E+02
  0.21214439E+01  0.10048669E+02
  0.21506657E+01  0.99127076E+01
  0.21798875E+01  0.97830908E+01
  0.22091093E+01  0.96596462E+01
  0.22383311E+01  0.95421394E+01
  0.22675529E+01  0.94303465E+01
  0.22967747E+01  0.93241146E+01
  0.23259965E+01  0.92234058E+01
  0.23552183E+01  0.91283149E+01
  0.23844401E+01  0.90427445E+01
  0.24136619E+01  0.90129818E+01
  0.24428837E+01  0.89824767E+01
  0.24721055E+01  0.89521081E+01
  0.25013273E+01  0.89222168E+01
  0.25305491E+01  0.88925436E+01
  0.25597709E+01  0.88621482E+01
  0.25889927E+01  0.88292771E+01
  0.26182145E+01  0.87910790E+01
  0.26474363E+01  0.87412965E+01
  0.26766581E+01  0.86686695E+01
  0.27058799E+01  0.85969027E+01
  0.27351017E+01  0.85390927E+01
  0.27643235E+01  0.85014878E+01
  0.27935453E+01  0.84884199E+01
  0.28221767E+01  0.84961925E+01
  0.28508081E+01  0.85190417E+01
  0.28794395E+01  0.85556484E+01
  0.29080709E+01  0.86040741E+01
  0.29367024E+01  0.86620536E+01
  0.29653338E+01  0.87272693E+01
  0.29939652E+01  0.87975523E+01
  0.30225966E+01  0.88709957E+01
  0.30512280E+01  0.89459885E+01
  0.30798594E+01  0.90211920E+01
  0.31084908E+01  0.90954805E+01
  0.31371222E+01  0.91678686E+01
  0.31657536E+01  0.92374392E+01
  0.31943850E+01  0.93032855E+01
  0.32230164E+01  0.93644745E+01
  0.32516478E+01  0.94200350E+01
  0.32802792E+01  0.94689730E+01
  0.33089106E+01  0.95103112E+01
  0.33375420E+01  0.95431480E+01
  0.33661734E+01  0.95667305E+01
  0.33948048E+01  0.95805320E+01
  0.34234362E+01  0.95843265E+01
  0.34520676E+01  0.95782502E+01
  0.34806990E+01  0.95628443E+01
  0.35093304E+01  0.95390709E+01
  0.35379618E+01  0.95082989E+01
  0.35665932E+01  0.94722601E+01
  0.35952246E+01  0.94329752E+01
  0.36238560E+01  0.93926547E+01
  0.36524874E+01  0.93535820E+01
  0.36811188E+01  0.93179849E+01
  0.37097502E+01  0.92879062E+01
  0.37383816E+01  0.92650816E+01
  0.37670130E+01  0.92508336E+01
  0.37956444E+01  0.92459903E+01
  0.38248662E+01  0.92411170E+01
  0.38540880E+01  0.92273525E+01
  0.38833098E+01  0.92070311E+01
  0.39125316E+01  0.91833872E+01
  0.39417534E+01  0.91598801E+01
  0.39709753E+01  0.91396526E+01
  0.40001971E+01  0.91252228E+01
  0.40294189E+01  0.91183974E+01
  0.40586407E+01  0.91203399E+01
  0.40878625E+01  0.91317221E+01
  0.41170843E+01  0.91529033E+01
  0.41463061E+01  0.91841025E+01
  0.41755279E+01  0.92255420E+01
  0.42047497E+01  0.92775528E+01
  0.42339715E+01  0.93406353E+01
  0.42631933E+01  0.94154788E+01
  0.42924151E+01  0.95029534E+01
  0.43216369E+01  0.96040976E+01
  0.43508587E+01  0.97200303E+01
  0.43800805E+01  0.98515129E+01
  0.44093023E+01  0.99983152E+01
  0.44385241E+01  0.10159118E+02
  0.44677459E+01  0.10331288E+02
  0.44969677E+01  0.10509486E+02
  0.45261895E+01  0.10681948E+02
  0.45554113E+01  0.10821097E+02
  0.45846331E+01  0.10876620E+02
  0.46138549E+01  0.10842256E+02
  0.46427830E+01  0.10724592E+02
  0.46717111E+01  0.10474401E+02
  0.47006392E+01  0.10185304E+02
  0.47295674E+01  0.98838423E+01
  0.47584955E+01  0.95768061E+01
  0.47874236E+01  0.92696599E+01
  0.48163517E+01  0.89661633E+01
  0.48452798E+01  0.86690413E+01
  0.48742079E+01  0.83790170E+01
  0.49031360E+01  0.80979789E+01
  0.49320641E+01  0.78280010E+01
  0.49609922E+01  0.75714387E+01
  0.49899203E+01  0.73310147E+01
  0.50188484E+01  0.71098915E+01
  0.50477766E+01  0.69117132E+01
  0.50767047E+01  0.67405813E+01
  0.51056328E+01  0.66009079E+01
  0.51345609E+01  0.64970911E+01
  0.51634890E+01  0.64329931E+01
  0.51924171E+01  0.64113039E+01
  
  0.00000000E+00  0.84884199E+01
  0.28928109E-01  0.85082227E+01
  0.57856218E-01  0.85658949E+01
  0.86784327E-01  0.86567814E+01
  0.11571244E+00  0.87745939E+01
  0.14464055E+00  0.89127079E+01
  0.17356865E+00  0.90650345E+01
  0.20249676E+00  0.92264429E+01
  0.23142487E+00  0.93928949E+01
  0.26035298E+00  0.95614409E+01
  0.28928109E+00  0.97301625E+01
  0.31820920E+00  0.98980913E+01
  0.34713731E+00  0.10065107E+02
  0.37606542E+00  0.10231817E+02
  0.40499353E+00  0.10399403E+02
  0.43392164E+00  0.10569458E+02
  0.46284975E+00  0.10743803E+02
  0.49177786E+00  0.10924316E+02
  0.52070596E+00  0.11112767E+02
  0.54963407E+00  0.11310692E+02
  0.57856218E+00  0.11519298E+02
  0.60749029E+00  0.11739405E+02
  0.63641840E+00  0.11971422E+02
  0.66534651E+00  0.12215350E+02
  0.69427462E+00  0.12470793E+02
  0.72320273E+00  0.12736960E+02
  0.75213084E+00  0.13012665E+02
  0.78105895E+00  0.13296291E+02
  0.80998706E+00  0.13585738E+02
  0.83891517E+00  0.13878354E+02
  0.86784327E+00  0.14170871E+02
  0.89677138E+00  0.14459357E+02
  0.92569949E+00  0.14739224E+02
  0.95462760E+00  0.15005309E+02
  0.98355571E+00  0.15252018E+02
  0.10124838E+01  0.15473564E+02
  0.10414119E+01  0.15664255E+02
  0.10703400E+01  0.15818822E+02
  0.10992681E+01  0.15932747E+02
  0.11281963E+01  0.16002561E+02
  0.11571244E+01  0.16026081E+02
  0.11863462E+01  0.16002643E+02
  0.12155680E+01  0.15933212E+02
  0.12447898E+01  0.15820369E+02
  0.12740116E+01  0.15668227E+02
  0.13032334E+01  0.15482158E+02
  0.13324552E+01  0.15268446E+02
  0.13616770E+01  0.15033888E+02
  0.13908988E+01  0.14785387E+02
  0.14201206E+01  0.14529546E+02
  0.14493424E+01  0.14272321E+02
  0.14785642E+01  0.14018735E+02
  0.15077860E+01  0.13772684E+02
  0.15370078E+01  0.13536836E+02
  0.15662296E+01  0.13312637E+02
  0.15662296E+01  0.13312637E+02
  0.15954514E+01  0.13100405E+02
  0.16246732E+01  0.12899495E+02
  0.16538950E+01  0.12708528E+02
  0.16831168E+01  0.12525649E+02
  0.17123386E+01  0.12604661E+02
  0.17415604E+01  0.12844332E+02
  0.17707822E+01  0.12956125E+02
  0.18000040E+01  0.12807203E+02
  0.18292258E+01  0.12660457E+02
  0.18584476E+01  0.12519159E+02
  0.18876694E+01  0.12384778E+02
  0.19168912E+01  0.12258910E+02
  0.19461130E+01  0.12143297E+02
  0.19753349E+01  0.12039763E+02
  0.20045567E+01  0.11950104E+02
  0.20337785E+01  0.11875932E+02
  0.20630003E+01  0.11818427E+02
  0.20922221E+01  0.11777812E+02
  0.21214439E+01  0.11647264E+02
  0.21506657E+01  0.11351161E+02
  0.21798875E+01  0.11060480E+02
  0.22091093E+01  0.10782607E+02
  0.22383311E+01  0.10523137E+02
  0.22675529E+01  0.10286157E+02
  0.22967747E+01  0.10074121E+02
  0.23259965E+01  0.98878102E+01
  0.23552183E+01  0.97263897E+01
  0.23844401E+01  0.95875926E+01
  0.24136619E+01  0.94680125E+01
  0.24428837E+01  0.93635006E+01
  0.24721055E+01  0.92696261E+01
  0.25013273E+01  0.91821488E+01
  0.25305491E+01  0.90974567E+01
  0.25597709E+01  0.90129460E+01
  0.25889927E+01  0.89273574E+01
  0.26182145E+01  0.88412099E+01
  0.26474363E+01  0.87594299E+01
  0.26766581E+01  0.86940852E+01
  0.27058799E+01  0.86272305E+01
  0.27351017E+01  0.85599970E+01
  0.27643235E+01  0.85081183E+01
  0.27935453E+01  0.84884199E+01
  0.28221767E+01  0.85061647E+01
  0.28508081E+01  0.85507007E+01
  0.28794395E+01  0.86019133E+01
  0.29080709E+01  0.86411877E+01
  0.29367024E+01  0.86620537E+01
  0.29653338E+01  0.87272694E+01
  0.29939652E+01  0.87975524E+01
  0.30225966E+01  0.88709957E+01
  0.30512280E+01  0.89459886E+01
  0.30798594E+01  0.90211921E+01
  0.31084908E+01  0.90954807E+01
  0.31371222E+01  0.91678688E+01
  0.31657536E+01  0.92374394E+01
  0.31943850E+01  0.93032859E+01
  0.32230164E+01  0.93644750E+01
  0.32516478E+01  0.94200355E+01
  0.32802792E+01  0.94689736E+01
  0.33089106E+01  0.95103118E+01
  0.33375420E+01  0.95431487E+01
  0.33661734E+01  0.95667312E+01
  0.33948048E+01  0.95805328E+01
  0.34234362E+01  0.95843272E+01
  0.34520676E+01  0.95782510E+01
  0.34806990E+01  0.95628451E+01
  0.35093304E+01  0.95390716E+01
  0.35379618E+01  0.95082995E+01
  0.35665932E+01  0.94722607E+01
  0.35952246E+01  0.94329757E+01
  0.36238560E+01  0.93926551E+01
  0.36524874E+01  0.93535823E+01
  0.36811188E+01  0.93179851E+01
  0.37097502E+01  0.92879064E+01
  0.37383816E+01  0.92650817E+01
  0.37670130E+01  0.92508336E+01
  0.37956444E+01  0.92459903E+01
  0.38248662E+01  0.92603465E+01
  0.38540880E+01  0.93043864E+01
  0.38833098E+01  0.93808733E+01
  0.39125316E+01  0.94937576E+01
  0.39417534E+01  0.96468004E+01
  0.39709753E+01  0.98414998E+01
  0.40001971E+01  0.10075326E+02
  0.40294189E+01  0.10341545E+02
  0.40586407E+01  0.10630635E+02
  0.40878625E+01  0.10932054E+02
  0.41170843E+01  0.11235425E+02
  0.41463061E+01  0.11531072E+02
  0.41755279E+01  0.11810198E+02
  0.42047497E+01  0.12064950E+02
  0.42339715E+01  0.12288500E+02
  0.42631933E+01  0.12475150E+02
  0.42924151E+01  0.12620455E+02
  0.43216369E+01  0.12721350E+02
  0.43508587E+01  0.12776183E+02
  0.43800805E+01  0.12604230E+02
  0.44093023E+01  0.12405009E+02
  0.44385241E+01  0.12207733E+02
  0.44677459E+01  0.12017179E+02
  0.44969677E+01  0.11839631E+02
  0.45261895E+01  0.11686304E+02
  0.45554113E+01  0.11582473E+02
  0.45846331E+01  0.11573230E+02
  0.46138549E+01  0.11636735E+02
  0.46427830E+01  0.11755346E+02
  0.46717111E+01  0.12008346E+02
  0.47006392E+01  0.12303449E+02
  0.47295674E+01  0.12612667E+02
  0.47584955E+01  0.12926477E+02
  0.47874236E+01  0.13240284E+02
  0.48163517E+01  0.13546212E+02
  0.48452798E+01  0.13837785E+02
  0.48742079E+01  0.14123034E+02
  0.49031360E+01  0.14399941E+02
  0.49320641E+01  0.14666091E+02
  0.49609922E+01  0.14918611E+02
  0.49899203E+01  0.15154189E+02
  0.50188484E+01  0.15369169E+02
  0.50477766E+01  0.15559712E+02
  0.50767047E+01  0.15722005E+02
  0.51056328E+01  0.15852489E+02
  0.51345609E+01  0.15948095E+02
  0.51634890E+01  0.16006457E+02
  0.51924171E+01  0.16026081E+02
  
  0.00000000E+00  0.94413681E+01
  0.28928109E-01  0.94599886E+01
  0.57856218E-01  0.95137515E+01
  0.86784327E-01  0.95969212E+01
  0.11571244E+00  0.97014831E+01
  0.14464055E+00  0.98186368E+01
  0.17356865E+00  0.99399359E+01
  0.20249676E+00  0.10057944E+02
  0.23142487E+00  0.10166497E+02
  0.26035298E+00  0.10260707E+02
  0.28928109E+00  0.10336829E+02
  0.31820920E+00  0.10392060E+02
  0.34713731E+00  0.10424326E+02
  0.37606542E+00  0.10432086E+02
  0.40499353E+00  0.10414195E+02
  0.43392164E+00  0.10569458E+02
  0.46284975E+00  0.10743804E+02
  0.49177786E+00  0.10924317E+02
  0.52070596E+00  0.11112768E+02
  0.54963407E+00  0.11310694E+02
  0.57856218E+00  0.11519300E+02
  0.60749029E+00  0.11739406E+02
  0.63641840E+00  0.11971423E+02
  0.66534651E+00  0.12215352E+02
  0.69427462E+00  0.12470794E+02
  0.72320273E+00  0.12736961E+02
  0.75213084E+00  0.13012665E+02
  0.78105895E+00  0.13296291E+02
  0.80998706E+00  0.13585738E+02
  0.83891517E+00  0.13878356E+02
  0.86784327E+00  0.14170873E+02
  0.89677138E+00  0.14459359E+02
  0.92569949E+00  0.14739227E+02
  0.95462760E+00  0.15005311E+02
  0.98355571E+00  0.15252020E+02
  0.10124838E+01  0.15473566E+02
  0.10414119E+01  0.15664257E+02
  0.10703400E+01  0.15818824E+02
  0.10992681E+01  0.15932748E+02
  0.11281963E+01  0.16002561E+02
  0.11571244E+01  0.16026081E+02
  0.11863462E+01  0.16011064E+02
  0.12155680E+01  0.15966498E+02
  0.12447898E+01  0.15893803E+02
  0.12740116E+01  0.15795240E+02
  0.13032334E+01  0.15673760E+02
  0.13324552E+01  0.15532813E+02
  0.13616770E+01  0.15376132E+02
  0.13908988E+01  0.15207506E+02
  0.14201206E+01  0.15030568E+02
  0.14493424E+01  0.14848616E+02
  0.14785642E+01  0.14664474E+02
  0.15077860E+01  0.14480404E+02
  0.15370078E+01  0.14298076E+02
  0.15662296E+01  0.14118596E+02
  0.15662296E+01  0.14118596E+02
  0.15954514E+01  0.13942571E+02
  0.16246732E+01  0.13770218E+02
  0.16538950E+01  0.13601494E+02
  0.16831168E+01  0.13436240E+02
  0.17123386E+01  0.13274347E+02
  0.17415604E+01  0.13116139E+02
  0.17707822E+01  0.13043294E+02
  0.18000040E+01  0.13185343E+02
  0.18292258E+01  0.13277357E+02
  0.18584476E+01  0.13315501E+02
  0.18876694E+01  0.13299364E+02
  0.19168912E+01  0.13230096E+02
  0.19461130E+01  0.13110374E+02
  0.19753349E+01  0.12944360E+02
  0.20045567E+01  0.12737590E+02
  0.20337785E+01  0.12496780E+02
  0.20630003E+01  0.12229587E+02
  0.20922221E+01  0.11944492E+02
  0.21214439E+01  0.11756156E+02
  0.21506657E+01  0.11746453E+02
  0.21798875E+01  0.11748535E+02
  0.22091093E+01  0.11756795E+02
  0.22383311E+01  0.11765182E+02
  0.22675529E+01  0.11767282E+02
  0.22967747E+01  0.11756902E+02
  0.23259965E+01  0.11728566E+02
  0.23552183E+01  0.11677873E+02
  0.23844401E+01  0.11601701E+02
  0.24136619E+01  0.11498310E+02
  0.24428837E+01  0.11367377E+02
  0.24721055E+01  0.11209981E+02
  0.25013273E+01  0.11028603E+02
  0.25305491E+01  0.10827138E+02
  0.25597709E+01  0.10610989E+02
  0.25889927E+01  0.10387253E+02
  0.26182145E+01  0.10165002E+02
  0.26474363E+01  0.99554351E+01
  0.26766581E+01  0.97712310E+01
  0.27058799E+01  0.96240435E+01
  0.27351017E+01  0.95205298E+01
  0.27643235E+01  0.94607224E+01
  0.27935453E+01  0.94413681E+01
  0.28221767E+01  0.94600518E+01
  0.28508081E+01  0.95189146E+01
  0.28794395E+01  0.96236762E+01
  0.29080709E+01  0.97763539E+01
  0.29367024E+01  0.99710561E+01
  0.29653338E+01  0.10196756E+02
  0.29939652E+01  0.10442344E+02
  0.30225966E+01  0.10699096E+02
  0.30512280E+01  0.10960832E+02
  0.30798594E+01  0.11223284E+02
  0.31084908E+01  0.11483417E+02
  0.31371222E+01  0.11738880E+02
  0.31657536E+01  0.11987608E+02
  0.31943850E+01  0.12227555E+02
  0.32230164E+01  0.12456529E+02
  0.32516478E+01  0.12672124E+02
  0.32802792E+01  0.12871732E+02
  0.33089106E+01  0.13052634E+02
  0.33375420E+01  0.13212135E+02
  0.33661734E+01  0.13347759E+02
  0.33948048E+01  0.13457458E+02
  0.34234362E+01  0.13539834E+02
  0.34520676E+01  0.13594340E+02
  0.34806990E+01  0.13621444E+02
  0.35093304E+01  0.13622736E+02
  0.35379618E+01  0.13600949E+02
  0.35665932E+01  0.13559900E+02
  0.35952246E+01  0.13504334E+02
  0.36238560E+01  0.13439685E+02
  0.36524874E+01  0.13371765E+02
  0.36811188E+01  0.13306394E+02
  0.37097502E+01  0.13249025E+02
  0.37383816E+01  0.13204364E+02
  0.37670130E+01  0.13176038E+02
  0.37956444E+01  0.13166335E+02
  0.38248662E+01  0.13181103E+02
  0.38540880E+01  0.13223800E+02
  0.38833098E+01  0.13289895E+02
  0.39125316E+01  0.13372679E+02
  0.39417534E+01  0.13464217E+02
  0.39709753E+01  0.13556227E+02
  0.40001971E+01  0.13640787E+02
  0.40294189E+01  0.13710828E+02
  0.40586407E+01  0.13760449E+02
  0.40878625E+01  0.13785106E+02
  0.41170843E+01  0.13781698E+02
  0.41463061E+01  0.13748574E+02
  0.41755279E+01  0.13685478E+02
  0.42047497E+01  0.13593431E+02
  0.42339715E+01  0.13474571E+02
  0.42631933E+01  0.13331950E+02
  0.42924151E+01  0.13169311E+02
  0.43216369E+01  0.12990852E+02
  0.43508587E+01  0.12801070E+02
  0.43800805E+01  0.12785115E+02
  0.44093023E+01  0.12749379E+02
  0.44385241E+01  0.12672037E+02
  0.44677459E+01  0.12557472E+02
  0.44969677E+01  0.12411440E+02
  0.45261895E+01  0.12241185E+02
  0.45554113E+01  0.12056145E+02
  0.45846331E+01  0.11871180E+02
  0.46138549E+01  0.11745217E+02
  0.46427830E+01  0.11848300E+02
  0.46717111E+01  0.12080288E+02
  0.47006392E+01  0.12358598E+02
  0.47295674E+01  0.12652611E+02
  0.47584955E+01  0.12951371E+02
  0.47874236E+01  0.13250110E+02
  0.48163517E+01  0.13550976E+02
  0.48452798E+01  0.13855856E+02
  0.48742079E+01  0.14152253E+02
  0.49031360E+01  0.14437378E+02
  0.49320641E+01  0.14708294E+02
  0.49609922E+01  0.14961937E+02
  0.49899203E+01  0.15195187E+02
  0.50188484E+01  0.15404950E+02
  0.50477766E+01  0.15588262E+02
  0.50767047E+01  0.15742393E+02
  0.51056328E+01  0.15864950E+02
  0.51345609E+01  0.15953965E+02
  0.51634890E+01  0.16007976E+02
  0.51924171E+01  0.16026081E+02
  
